FileName_DAPI	FileName_DAPI_flatfield	FileName_Mts	Group_Index	Group_Number	ImageNumber	Intensity_MaxIntensity_Background_Mask	Intensity_MaxIntensity_MaskedMT_image	Intensity_MeanIntensity_Background_Mask	Intensity_MeanIntensity_MaskedMT_image	Intensity_MeanIntensity_Masked_Nuclei	Intensity_MedianIntensity_Background_Mask	Intensity_MedianIntensity_MaskedMT_image	Intensity_MinIntensity_Background_Mask	Intensity_MinIntensity_MaskedMT_image	Intensity_StdIntensity_Background_Mask	Intensity_StdIntensity_MaskedMT_image	Intensity_StdIntensity_Masked_Nuclei	Intensity_TotalArea_Background_Mask	Intensity_TotalArea_MaskedMT_image	Intensity_TotalArea_Masked_Nuclei	Intensity_TotalIntensity_Background_Mask	Intensity_TotalIntensity_MaskedMT_image	Intensity_TotalIntensity_Masked_Nuclei
Image002_ch00.tif	Image005_fh00.tif	Image002_ch01.tif	1	1	1	1.33333	1.66667	1.00003231447	1.21388434388	39.8331738995	1.0	1.33333	0.0	1.0	0.0121021	0.159662	10.6387	278513	86748	64290	278522.0	105302.0	2.56087e+06
Image004_ch00.tif	Image005_fh00.tif	Image004_ch01.tif	2	1	2	1.33333	7.0	1.0000982751	1.22604923472	31.4255755611	1.0	1.33333	0.0	1.0	0.0108749	0.178172	11.4213	379992	33068	46737	380029.0	40543.0	1.46874e+06
Image006_ch00.tif	Image005_fh00.tif	Image006_ch01.tif	3	1	3	1.33333	1.66667	0.99993948842	1.23908325867	49.9667559243	1.0	1.33333	0.0	1.0	0.0066004	0.150031	17.481	878964	34737	28569	878911.0	43042.0	1.4275e+06
Image008_ch00.tif	Image005_fh00.tif	Image008_ch01.tif	4	1	4	1.33333	1.66667	0.999948500307	1.23212478316	56.8600180741	1.0	1.33333	0.0	0.75	0.0072884	0.153036	14.0811	451459	88488	45922	451436.0	109028.0	2.61113e+06
Image010_ch00.tif	Image005_fh00.tif	Image010_ch01.tif	5	1	5	1.33333	1.66667	1.00000026648	1.21963620926	53.7015580941	1.0	1.33333	0.0	1.0	0.00695322	0.157585	13.934	703613	43633	41493	703613.0	53216.4	2.22824e+06
Image012_ch00.tif	Image005_fh00.tif	Image012_ch01.tif	6	1	6	1.33333	2.0	0.999951710355	1.24213707056	60.7981602924	1.0	1.33333	0.0	1.0	0.00786016	0.148669	14.8808	582423	65376	54438	582395.0	81206.0	3.30973e+06
Image014_ch00.tif	Image005_fh00.tif	Image014_ch01.tif	7	1	7	1.33333	1.66667	1.00001008518	1.23663850778	56.1222307049	1.0	1.33333	0.0	1.0	0.00913398	0.15096	11.8404	551552	92766	68113	551558.0	114718.0	3.82265e+06
Image016_ch00.tif	Image005_fh00.tif	Image016_ch01.tif	8	1	8	1.33333	1.66667	1.00012772377	1.23738166998	58.1724213841	1.0	1.33333	0.0	0.75	0.0112784	0.150668	14.1902	457041	133921	74953	457099.0	165711.0	4.3602e+06
Image018_ch00.tif	Image005_fh00.tif	Image018_ch01.tif	9	1	9	1.33333	1.66667	1.00027860692	1.21848336754	36.1453400534	1.0	1.33333	0.0	1.0	0.0130352	0.158072	12.9245	241716	87814	84722	241783.0	107000.0	3.06231e+06
Image020_ch00.tif	Image005_fh00.tif	Image020_ch01.tif	10	1	10	1.33333	1.66667	0.99997469372	1.20421337349	43.7519084749	1.0	1.33333	0.0	0.75	0.0072154	0.162215	12.299	758211	35862	48992	758192.0	43185.5	2.14349e+06
Image022_ch00.tif	Image005_fh00.tif	Image022_ch01.tif	11	1	11	1.33333	1.66667	0.999923275729	1.21550390084	41.6340217122	1.0	1.33333	0.0	1.0	0.00754427	0.15919	11.098	641909	62823	56558	641860.0	76361.6	2.35474e+06
Image025_ch00.tif	Image005_fh00.tif	Image025_ch01.tif	12	1	12	1.33333	4.33333	1.00000667478	1.22095073726	40.2461764124	1.0	1.33333	0.0	1.0	0.00906326	0.160015	10.5088	454135	63292	60676	454138.0	77276.4	2.44198e+06
Image027_ch00.tif	Image005_fh00.tif	Image027_ch01.tif	13	1	13	1.33333	1.66667	1.00000045345	1.22597149799	50.6871411635	1.0	1.33333	0.0	1.0	0.00912373	0.155466	12.7106	413494	105475	75069	413494.0	129309.0	3.80503e+06
Image030_ch00.tif	Image005_fh00.tif	Image030_ch01.tif	14	1	14	1.33333	1.66667	1.00026778027	1.24388249863	46.8769625425	1.0	1.33333	0.0	0.75	0.0129047	0.147494	10.6155	218346	102277	76113	218404.0	127221.0	3.56795e+06
Image032_ch00.tif	Image005_fh00.tif	Image032_ch01.tif	15	1	15	1.33333	1.66667	0.999940577821	1.23320711657	54.3005013193	1.0	1.33333	0.0	0.75	0.00635401	0.152783	15.9225	654217	41983	47375	654178.0	51773.7	2.57249e+06
Image002_ch00.tif	Image005_fh00.tif	Image002_ch01.tif	1	2	16	1.33333	2.33333	0.999905914186	1.26349032537	39.6711696093	1.0	1.33333	0.75	0.8	0.0172627	0.144003	9.22181	3542	296342	87961	3541.67	374425.0	3.48952e+06
Image004_ch00.tif	Image005_fh00.tif	Image004_ch01.tif	2	2	17	1.33333	2.33333	0.999480114375	1.24739789553	26.4044310918	1.0	1.33333	0.0	1.0	0.0279206	0.149718	8.4458	3847	188159	50219	3845.0	234709.0	1.326e+06
Image006_ch00.tif	Image005_fh00.tif	Image006_ch01.tif	3	2	18	1.0	2.5	1.0	1.26299694317	38.2249573087	1.0	1.33333	1.0	0.75	0.0	0.142884	8.98724	20	300638	87840	20.0	379705.0	3.35768e+06
Image008_ch00.tif	Image005_fh00.tif	Image008_ch01.tif	4	2	19	1.0	9.0	0.999587118084	1.28468874653	32.7711639881	1.0	1.33333	0.75	1.0	0.0101514	0.150744	8.06482	1211	212841	59919	1210.5	273434.0	1.96362e+06
Image010_ch00.tif	Image005_fh00.tif	Image010_ch01.tif	5	2	20	1.33333	2.33333	0.999167522653	1.26136361834	38.0859622877	1.0	1.33333	0.75	0.75	0.0253822	0.141979	9.78213	7408	315200	60829	7401.83	397582.0	2.31673e+06
Image012_ch00.tif	Image005_fh00.tif	Image012_ch01.tif	6	2	21	1.33333	6.0	1.00022011633	1.28498235298	45.2220956234	1.0	1.33333	0.0	1.0	0.0168773	0.136542	12.0371	35954	311809	58584	35961.9	400669.0	2.64929e+06
Image014_ch00.tif	Image005_fh00.tif	Image014_ch01.tif	7	2	22	1.33333	3.0	1.00014727399	1.30289350314	46.9341310166	1.0	1.33333	0.0	0.75	0.0112585	0.14066	14.2205	204869	225840	47826	204899.0	294245.0	2.24467e+06
Image018_ch00.tif	Image005_fh00.tif	Image018_ch01.tif	8	2	23	1.33333	2.66667	0.999953274805	1.29159614444	49.8006755328	1.0	1.33333	0.0	1.0	0.00823926	0.140496	15.7707	395932	222743	47296	395914.0	287694.0	2.35537e+06
Image020_ch00.tif	Image005_fh00.tif	Image020_ch01.tif	9	2	24	1.33333	2.66667	0.999907821332	1.30056576092	49.2542802771	1.0	1.33333	0.0	1.0	0.0107542	0.140263	11.5436	141878	351109	81712	141865.0	456640.0	4.02467e+06
Image022_ch00.tif	Image005_fh00.tif	Image022_ch01.tif	10	2	25	1.33333	9.5	1.00036099495	1.29271038699	31.3252997056	1.0	1.33333	0.0	1.0	0.0162984	0.158502	9.82457	39247	188688	47213	39261.2	243919.0	1.47896e+06
Image024_ch00.tif	Image005_fh00.tif	Image024_ch01.tif	11	2	26	1.0	4.0	1.0	1.27497433703	36.6453954646	1.0	1.33333	1.0	0.75	0.0	0.140447	9.33688	314	316117	65088	314.0	403041.0	2.38518e+06
Image027_ch00.tif	Image005_fh00.tif	Image027_ch01.tif	12	2	27	1.33333	3.0	0.999979325801	1.2779421898	51.9050412777	1.0	1.33333	0.75	0.75	0.0107703	0.14363	13.7312	173072	218413	50027	173068.0	279119.0	2.59665e+06
Image029_ch00.tif	Image005_fh00.tif	Image029_ch01.tif	13	2	28	1.33333	3.0	1.000179407	1.26532780049	39.8749248192	1.0	1.33333	0.0	0.75	0.0180662	0.142612	12.356	8829	263186	68169	8830.58	333017.0	2.71823e+06
Image031_ch00.tif	Image005_fh00.tif	Image031_ch01.tif	14	2	29	1.33333	2.33333	1.00202156334	1.24959965612	30.0109839579	1.0	1.33333	0.0	1.0	0.0682403	0.147485	7.8655	371	261572	62523	371.75	326860.0	1.87638e+06
Image034_ch00.tif	Image005_fh00.tif	Image034_ch01.tif	15	2	30	1.33333	6.33333	1.00022836567	1.32888951165	54.7861020981	1.0	1.33333	0.0	1.0	0.0125572	0.143173	14.0563	336768	123220	77357	336845.0	163746.0	4.23809e+06
Image002_ch00.tif	Image005_fh00.tif	Image002_ch01.tif	1	3	31	3.33333	32.0	1.03727213797	4.85185957122	38.6595389092	1.0	4.33333	0.0	1.0	0.15547	1.79591	9.12725	63827	434213	67015	66206.0	2.10674e+06	2.59077e+06
Image005_ch00.tif	Image005_fh00.tif	Image005_ch01.tif	2	3	32	3.33333	17.0	1.02231438774	4.27381366134	42.8003034871	1.0	4.0	0.0	1.0	0.0891529	1.64087	11.2654	268840	397062	50414	274839.0	1.69697e+06	2.15773e+06
Image007_ch00.tif	Image005_fh00.tif	Image007_ch01.tif	3	3	33	3.33333	23.6667	1.00613208673	4.98195862491	4.81500314078	1.0	4.33333	0.0	1.33333	0.0658963	2.07478	9.62792	183265	420277	474404	184389.0	2.0938e+06	2.28426e+06
Image009_ch00.tif	Image005_fh00.tif	Image009_ch01.tif	4	3	34	3.66667	25.6667	1.11096037558	5.69690262105	40.1144450065	1.0	5.0	0.0	1.33333	0.261415	2.21885	13.7757	178684	457984	71163	198511.0	2.60909e+06	2.85466e+06
Image011_ch00.tif	Image005_fh00.tif	Image011_ch01.tif	5	3	35	3.33333	25.6667	1.0097278562	4.46096894173	41.8020606867	1.0	4.0	0.0	1.33333	0.0669959	2.00601	10.04	358317	253942	53356	361803.0	1.13283e+06	2.23039e+06
Image013_ch00.tif	Image005_fh00.tif	Image013_ch01.tif	6	3	36	5.0	28.3333	1.06668363659	4.7620408492	42.8979161032	1.0	4.33333	0.0	1.33333	0.202851	1.62584	10.1906	94929	496705	66558	101259.0	2.36533e+06	2.8552e+06
Image015_ch00.tif	Image005_fh00.tif	Image015_ch01.tif	7	3	37	3.0	21.6667	1.11835566691	4.38973579558	51.4707648116	1.0	4.0	0.0	1.33333	0.246164	1.61184	12.0301	81431	437540	73456	91068.8	1.92069e+06	3.78084e+06
Image019_ch00.tif	Image005_fh00.tif	Image019_ch01.tif	8	3	38	3.66667	18.3333	1.00536073507	4.52113845363	46.4609177193	1.0	4.33333	0.0	1.5	0.0657336	1.63664	11.5221	101534	439649	70697	102078.0	1.98771e+06	3.28465e+06
Image022_ch00.tif	Image005_fh00.tif	Image022_ch01.tif	9	3	39	4.33333	32.0	1.00758529626	6.46189062113	42.9018962012	1.0	6.0	0.0	1.33333	0.0614525	2.69775	11.2531	244618	396018	62467	246474.0	2.55903e+06	2.67995e+06
Image025_ch00.tif	Image005_fh00.tif	Image025_ch01.tif	10	3	40	4.33333	20.3333	1.0161310246	5.64746256839	42.2407207854	1.0	5.33333	0.0	0.0	0.0825074	2.13499	9.76582	116626	450889	66816	118507.0	2.54638e+06	2.82236e+06
Image027_ch00.tif	Image005_fh00.tif	Image027_ch01.tif	11	3	41	4.33333	33.6667	1.03057034889	6.58335532722	41.8040813718	1.0	6.0	0.0	1.5	0.103219	2.73475	11.3185	268796	390260	62577	277013.0	2.56922e+06	2.61597e+06
Image030_ch00.tif	Image005_fh00.tif	Image030_ch01.tif	12	3	42	5.0	46.6667	1.29393701494	5.03913367642	48.2346477716	1.33333	4.66667	0.0	1.33333	0.335278	1.71298	9.8112	48254	439928	77904	62437.6	2.21686e+06	3.75767e+06
Image033_ch00.tif	Image005_fh00.tif	Image033_ch01.tif	13	3	43	3.33333	18.6667	1.00839625193	3.82629240583	45.6018990693	1.0	3.66667	0.0	0.0	0.0778345	1.28323	11.5673	62734	472665	71772	63260.7	1.80855e+06	3.27294e+06
Image034_ch00.tif	Image005_fh00.tif	Image034_ch01.tif	14	3	44	3.33333	26.3333	1.0136528988	5.51059371303	59.5881787985	1.0	5.0	0.0	1.33333	0.0686204	2.48433	12.6087	438872	296709	59609	444864.0	1.63504e+06	3.55199e+06
Image036_ch00.tif	Image005_fh00.tif	Image036_ch01.tif	15	3	45	3.33333	17.3333	1.01414514273	4.11212655226	55.737928124	1.0	3.66667	0.0	1.25	0.0728249	1.55363	12.4508	256507	430984	67533	260135.0	1.77226e+06	3.76415e+06
Image002_ch00.tif	Image005_fh00.tif	Image002_ch01.tif	1	4	46	5.66667	41.0	1.03442794973	8.38040082921	35.4746446971	1.0	7.66667	0.0	0.0	0.199818	3.69126	8.70848	129427	458749	56290	133883.0	3.8445e+06	1.99687e+06
Image004_ch00.tif	Image005_fh00.tif	Image004_ch01.tif	2	4	47	5.33333	34.3333	1.02322689568	6.79773503167	1.94194223523	1.0	6.0	0.0	1.0	0.14033	3.21742	1.84061	288604	324552	132306	295307.0	2.20622e+06	256931.0
Image006_ch00.tif	Image005_fh00.tif	Image006_ch01.tif	3	4	48	6.66667	54.3333	1.50737616291	9.04522588171	1.97658565271	1.0	8.0	0.75	1.66667	0.648858	4.32914	1.85857	63902	444082	772048	96324.4	4.01682e+06	1.52602e+06
Image008_ch00.tif	Image005_fh00.tif	Image008_ch01.tif	4	4	49	4.33333	39.3333	1.01160959569	7.86854207342	43.4529869165	1.0	7.0	0.0	1.33333	0.106528	3.2678	12.3623	144148	517310	75362	145822.0	4.07048e+06	3.2747e+06
Image010_ch00.tif	Image005_fh00.tif	Image010_ch01.tif	5	4	50	5.33333	36.0	1.07059779693	6.83179486161	51.7147086244	1.0	6.33333	0.0	1.4	0.236367	2.87284	11.2557	158415	402889	71866	169599.0	2.75246e+06	3.71653e+06
Image012_ch00.tif	Image005_fh00.tif	Image012_ch01.tif	6	4	51	5.33333	42.0	1.02808026614	7.60595034412	45.4176339593	1.0	7.0	0.0	1.66667	0.150998	3.13665	14.5912	194274	388675	58152	199729.0	2.95624e+06	2.64113e+06
Image014_ch00.tif	Image005_fh00.tif	Image014_ch01.tif	7	4	52	5.0	26.3333	1.01468988595	6.17129289821	37.701710633	1.0	5.66667	0.0	1.66667	0.115356	2.42414	9.70829	84348	480935	69068	85587.1	2.96799e+06	2.60398e+06
Image016_ch00.tif	Image005_fh00.tif	Image016_ch01.tif	8	4	53	3.66667	25.3333	1.07962804388	5.34130835976	39.0954687848	1.0	5.0	0.0	1.6	0.263269	1.91035	9.2605	25117	490385	80762	27117.0	2.6193e+06	3.15743e+06
Image018_ch00.tif	Image005_fh00.tif	Image018_ch01.tif	9	4	54	5.33333	35.3333	1.02424828347	6.61596764554	49.152677172	1.0	6.0	0.0	1.33333	0.150724	2.7736	12.6493	223925	373117	47214	229355.0	2.46853e+06	2.32069e+06
Image020_ch00.tif	Image005_fh00.tif	Image020_ch01.tif	10	4	55	5.0	43.6667	1.020397767	7.69793685101	46.4085336587	1.0	7.0	0.0	0.0	0.131871	3.43274	12.953	205934	451567	50002	210135.0	3.47613e+06	2.32052e+06
Image022_ch00.tif	Image005_fh00.tif	Image022_ch01.tif	11	4	56	4.0	24.6667	1.15244807216	5.68067349201	38.3475384494	1.0	5.33333	0.0	1.33333	0.328864	2.1006	11.6096	48902	484371	76334	56357.0	2.75155e+06	2.92722e+06
Image024_ch00.tif	Image005_fh00.tif	Image024_ch01.tif	12	4	57	3.0	38.0	1.01158458143	3.67731167729	31.0780181279	1.0	3.0	0.0	1.33333	0.0792783	1.80625	9.92032	167321	371105	41814	169259.0	1.36467e+06	1.2995e+06
Image026_ch00.tif	Image005_fh00.tif	Image026_ch01.tif	13	4	58	4.33333	25.6667	1.00761591402	6.86957927577	41.5135708828	1.0	6.33333	0.0	1.33333	0.0686904	2.91815	11.7936	422684	356433	40574	425903.0	2.44854e+06	1.68437e+06
Image028_ch00.tif	Image005_fh00.tif	Image028_ch01.tif	14	4	59	5.33333	56.3333	1.28342618249	7.31611999343	48.1965076278	1.0	6.66667	0.0	1.66667	0.438176	2.97671	12.0117	40217	419873	68893	51615.6	3.07184e+06	3.3204e+06
Image031_ch00.tif	Image005_fh00.tif	Image031_ch01.tif	15	4	60	5.33333	40.3333	1.01232432568	7.50700079866	44.3150202128	1.0	6.66667	0.0	0.0	0.134884	2.94788	10.644	74890	498336	68521	75813.0	3.74101e+06	3.03651e+06
Image002_ch00.tif	Image005_fh00.tif	Image002_ch01.tif	1	5	61	7.66667	72.6667	1.16719106964	11.0065272883	47.0254216647	1.0	9.66667	0.0	1.66667	0.286265	5.83328	11.8949	280140	262475	49269	326977.0	2.88894e+06	2.3169e+06
Image004_ch00.tif	Image005_fh00.tif	Image004_ch01.tif	2	5	62	10.0	53.6667	1.34769383406	11.911858842	43.569520965	1.0	10.6667	0.0	0.0	0.560403	5.15439	9.86759	79925	460222	68972	107714.0	5.4821e+06	3.00508e+06
Image006_ch00.tif	Image005_fh00.tif	Image006_ch01.tif	3	5	63	9.33333	58.3333	1.31922516413	12.9361251524	38.6102169999	1.0	11.3333	0.0	0.0	0.629951	5.68332	9.16967	33130	507829	53871	43705.9	6.56934e+06	2.07997e+06
Image008_ch00.tif	Image005_fh00.tif	Image008_ch01.tif	4	5	64	6.66667	57.3333	1.11414124985	10.0153605108	40.4472128666	1.0	8.66667	0.0	1.66667	0.235443	4.95186	10.0959	85020	440708	58788	94724.3	4.41385e+06	2.37781e+06
Image010_ch00.tif	Image005_fh00.tif	Image010_ch01.tif	5	5	65	7.33333	55.0	1.08037753961	10.4251202291	49.2373841243	1.0	9.33333	0.0	1.66667	0.244755	5.15562	11.2207	185166	457460	65156	200049.0	4.76908e+06	3.20811e+06
Image012_ch00.tif	Image005_fh00.tif	Image012_ch01.tif	6	5	66	6.66667	53.6667	1.0595862433	9.84079134577	38.0060754618	1.0	9.0	0.0	1.66667	0.202657	4.50858	10.0845	115551	517296	57115	122436.0	5.0906e+06	2.17072e+06
Image014_ch00.tif	Image005_fh00.tif	Image014_ch01.tif	7	5	67	9.33333	59.3333	1.08300653262	10.0590910866	37.5412196244	1.0	9.0	0.0	1.33333	0.323366	4.80416	9.71458	122845	461034	60863	133042.0	4.63758e+06	2.28487e+06
Image016_ch00.tif	Image005_fh00.tif	Image016_ch01.tif	8	5	68	9.66667	53.6667	1.18935289103	9.56659704572	47.6422774508	1.0	8.66667	0.0	0.0	0.462642	4.44995	10.9687	129755	476868	65244	154324.0	4.562e+06	3.10837e+06
Image018_ch00.tif	Image005_fh00.tif	Image018_ch01.tif	9	5	69	5.66667	50.6667	1.02571112037	7.7342448225	36.6758698823	1.0	6.66667	0.0	0.0	0.153148	3.97716	10.1716	196266	371608	47995	201312.0	2.87411e+06	1.76026e+06
Image020_ch00.tif	Image005_fh00.tif	Image020_ch01.tif	10	5	70	6.0	43.3333	1.04680884531	7.4311110183	34.1141167103	1.0	6.33333	0.0	1.33333	0.161266	3.77807	11.2729	186353	371137	53063	195076.0	2.75796e+06	1.8102e+06
Image022_ch00.tif	Image005_fh00.tif	Image022_ch01.tif	11	5	71	7.66667	55.0	1.20547700484	11.0489787427	43.2347591924	1.33333	10.0	0.0	1.66667	0.225883	5.34877	11.1507	212186	394171	53196	255785.0	4.35519e+06	2.29992e+06
Image025_ch00.tif	Image005_fh00.tif	Image025_ch01.tif	12	5	72	5.33333	35.6667	1.01122374318	7.16969537176	43.0640631118	1.0	6.33333	0.0	1.33333	0.0959301	3.50677	13.71	307682	320489	40864	311135.0	2.29781e+06	1.75977e+06
Image027_ch00.tif	Image005_fh00.tif	Image027_ch01.tif	13	5	73	8.33333	52.6667	1.21642877432	9.70798514786	48.041495367	1.0	8.66667	0.0	0.0	0.571119	4.38248	12.2673	14082	470774	63242	17129.8	4.57027e+06	3.03824e+06
Image029_ch00.tif	Image005_fh00.tif	Image029_ch01.tif	14	5	74	6.66667	50.0	1.03390004217	9.3774341406	50.9484166501	1.0	8.66667	0.0	1.66667	0.215487	3.78263	11.6143	56028	526880	50210	57927.4	4.94078e+06	2.55812e+06
Image031_ch00.tif	Image005_fh00.tif	Image031_ch01.tif	15	5	75	8.0	45.6667	1.02242908944	8.885524721	40.6287701326	1.0	8.0	0.0	0.0	0.167216	4.4043	10.1408	149299	437280	42903	152648.0	3.88546e+06	1.7431e+06
Image004_ch00.tif	Image005_fh00.tif	Image004_ch01.tif	1	6	76	7.33333	59.0	1.0426790559	10.3555158403	34.7584416614	1.0	9.0	0.0	1.66667	0.174106	5.51035	15.4924	241796	341598	29963	252116.0	3.53742e+06	1.04147e+06
Image006_ch00.tif	Image005_fh00.tif	Image006_ch01.tif	2	6	77	7.66667	59.3333	1.62804216046	12.7632185919	66.765206435	1.0	11.3333	0.0	0.0	0.923544	5.44869	17.1768	53624	440062	54763	87302.1	5.61661e+06	3.65626e+06
Image008_ch00.tif	Image005_fh00.tif	Image008_ch01.tif	3	6	78	10.0	54.0	1.07224240192	12.8073624475	48.7140308883	1.0	11.3333	0.0	2.33333	0.37024	5.66215	11.2556	58115	483888	54519	62313.4	6.19733e+06	2.65584e+06
Image010_ch00.tif	Image005_fh00.tif	Image010_ch01.tif	4	6	79	76.0	56.3333	1.04361467859	12.308788586	40.0572766266	1.0	10.6667	0.0	1.66667	0.996408	6.73184	10.3107	264971	379185	59217	276528.0	4.66731e+06	2.37207e+06
Image012_ch00.tif	Image005_fh00.tif	Image012_ch01.tif	5	6	80	7.33333	56.0	1.02406725102	9.46389022732	51.1552324614	1.0	8.33333	0.0	1.66667	0.174563	4.69362	10.945	158979	464888	48094	162805.0	4.39965e+06	2.46026e+06
Image014_ch00.tif	Image005_fh00.tif	Image014_ch01.tif	6	6	81	6.0	59.3333	1.01378510608	9.34508647299	43.3252001131	1.0	8.33333	0.0	1.33333	0.118899	4.32234	10.1988	232741	487898	45974	235949.0	4.55945e+06	1.99183e+06
Image016_ch00.tif	Image005_fh00.tif	Image016_ch01.tif	7	6	82	6.66667	51.0	1.04602844144	9.94080990367	44.1377887318	1.0	9.0	0.0	2.0	0.23645	4.02822	9.12366	42682	454054	70091	44646.6	4.51366e+06	3.09366e+06
Image019_ch00.tif	Image005_fh00.tif	Image019_ch01.tif	8	6	83	7.66667	50.6667	1.02826989117	10.1249773314	54.6531440545	1.0	9.0	0.0	1.33333	0.204325	5.32487	11.3282	154189	330854	52973	158548.0	3.34989e+06	2.89514e+06
Image021_ch00.tif	Image005_fh00.tif	Image021_ch01.tif	9	6	84	7.33333	54.0	1.02823037351	10.0658515458	56.5198498113	1.0	9.0	0.0	0.0	0.19229	4.65206	12.317	83379	481401	62255	85732.8	4.84571e+06	3.51864e+06
Image023_ch00.tif	Image005_fh00.tif	Image023_ch01.tif	10	6	85	5.66667	55.6667	1.04094583142	12.6573886003	53.6365670114	1.0	11.3333	0.0	0.0	0.205841	5.84454	17.5241	137319	476572	48835	142942.0	6.03216e+06	2.61934e+06
Image027_ch00.tif	Image005_fh00.tif	Image027_ch01.tif	11	6	86	10.0	83.3333	1.35043101876	14.6913413912	54.4844595562	1.0	12.6667	0.0	2.0	0.655852	7.09196	12.8555	171360	421950	69850	231410.0	6.19901e+06	3.80574e+06
Image029_ch00.tif	Image005_fh00.tif	Image029_ch01.tif	12	6	87	9.66667	58.3333	1.35871783358	11.6944617868	37.8300426974	1.0	10.0	0.0	1.66667	0.574014	5.99344	14.4548	81636	382813	50003	110920.0	4.47679e+06	1.89162e+06
Image031_ch00.tif	Image005_fh00.tif	Image031_ch01.tif	13	6	88	6.66667	56.0	1.25484379383	11.1543156874	36.2794089104	1.0	9.66667	0.75	0.0	0.572986	5.78435	10.6692	49906	422760	66978	62624.2	4.7156e+06	2.42992e+06
Image033_ch00.tif	Image005_fh00.tif	Image033_ch01.tif	14	6	89	6.33333	54.3333	1.11425270275	9.58201831612	52.3399468622	1.0	8.0	0.0	1.66667	0.351876	5.24933	15.5274	142956	375407	40649	159289.0	3.59716e+06	2.12757e+06
Image035_ch00.tif	Image005_fh00.tif	Image035_ch01.tif	15	6	90	8.66667	59.6667	2.07918431508	12.9002682006	47.0152959235	2.0	11.6667	0.0	2.0	0.766669	5.43318	13.9167	114210	461222	84042	237464.0	5.94989e+06	3.95126e+06
Image002_ch00.tif	Image005_fh00.tif	Image002_ch01.tif	1	7	91	5.0	17.0	1.00778592637	4.68377480471	46.250390858	1.0	4.33333	0.0	1.0	0.0640198	1.60748	11.7412	53213	501165	62043	53627.3	2.34734e+06	2.86951e+06
Image004_ch00.tif	Image005_fh00.tif	Image004_ch01.tif	2	7	92	2.75	17.0	1.00540958572	3.97900713035	44.0231021871	1.0	3.66667	0.0	0.0	0.0499512	1.4883	11.5617	286979	426627	53588	288531.0	1.69755e+06	2.35911e+06
Image007_ch00.tif	Image005_fh00.tif	Image007_ch01.tif	3	7	93	2.66667	19.3333	1.01325657227	4.08751021677	38.2576541422	1.0	4.0	0.0	1.0	0.0701296	1.45751	9.54149	266118	455134	56636	269646.0	1.86036e+06	2.16676e+06
Image009_ch00.tif	Image005_fh00.tif	Image009_ch01.tif	4	7	94	3.33333	25.3333	1.0171963036	3.93909249081	49.2837883735	1.0	3.66667	0.0	1.33333	0.0836072	1.43534	14.0441	168610	424453	41956	171509.0	1.67196e+06	2.06775e+06
Image011_ch00.tif	Image005_fh00.tif	Image011_ch01.tif	5	7	95	3.0	14.0	1.07975407441	4.14297059218	27.5613053411	1.0	4.0	0.0	1.33333	0.148489	1.22758	8.87375	113360	552166	54932	122401.0	2.28761e+06	1.514e+06
Image013_ch00.tif	Image005_fh00.tif	Image013_ch01.tif	6	7	96	3.33333	22.3333	1.24960353053	5.58706913373	40.5573886382	1.33333	5.33333	0.0	1.66667	0.240715	1.76282	11.3388	32750	532996	62948	40924.5	2.97789e+06	2.55301e+06
Image016_ch00.tif	Image005_fh00.tif	Image016_ch01.tif	7	7	97	3.33333	18.3333	1.00328372283	4.6251763566	37.8233282433	1.0	4.33333	0.0	1.66667	0.0420588	1.4669	12.5922	96739	529467	47151	97056.7	2.44888e+06	1.78341e+06
Image018_ch00.tif	Image005_fh00.tif	Image018_ch01.tif	8	7	98	3.33333	16.6667	1.00739352588	3.98209071818	50.5979051727	1.0	3.66667	0.0	1.0	0.055638	1.55918	12.1088	258537	414757	54014	260449.0	1.6516e+06	2.733e+06
Image021_ch00.tif	Image005_fh00.tif	Image021_ch01.tif	9	7	99	2.0	25.6667	1.0005110563	4.64161320722	38.0080233231	1.0	4.33333	0.0	1.33333	0.0226544	1.60129	9.30085	29672	467956	72632	29687.2	2.17207e+06	2.7606e+06
Image024_ch00.tif	Image005_fh00.tif	Image024_ch01.tif	10	7	100	2.33333	25.6667	1.00106310542	4.72956123917	44.8499712903	1.0	4.33333	0.0	1.33333	0.0249128	1.71855	11.1173	84033	483065	60955	84122.3	2.28469e+06	2.73383e+06
Image027_ch00.tif	Image005_fh00.tif	Image027_ch01.tif	11	7	101	3.0	25.3333	1.00246184004	4.23023322406	47.3728695742	1.0	4.0	0.0	1.33333	0.0460998	1.44466	10.5014	33932	474951	77684	34015.5	2.00915e+06	3.68011e+06
Image029_ch00.tif	Image005_fh00.tif	Image029_ch01.tif	12	7	102	3.33333	21.0	1.00703688261	5.11381411687	44.3800543683	1.0	4.66667	0.0	1.33333	0.0705457	1.67895	13.6988	26700	515270	84976	26887.9	2.635e+06	3.77124e+06
Image032_ch00.tif	Image005_fh00.tif	Image032_ch01.tif	13	7	103	3.0	11.6667	1.00150897615	3.42928440521	39.4347367331	1.0	3.33333	0.0	1.25	0.0312028	1.0983	9.34476	64647	534730	77241	64744.6	1.83374e+06	3.04598e+06
Image034_ch00.tif	Image005_fh00.tif	Image034_ch01.tif	14	7	104	4.33333	31.0	1.04610323306	4.95360539481	46.0603564259	1.0	4.33333	0.0	1.33333	0.163335	2.14829	12.6918	70850	448134	93652	74116.4	2.21988e+06	4.31364e+06
Image002_ch00.tif	Image005_fh00.tif	Image002_ch01.tif	1	8	105	2.0	6.0	1.00701508514	1.97735891283	44.1251262005	1.0	2.0	0.0	1.0	0.0514416	0.4278	10.1973	70707	482574	77258	71203.0	954222.0	3.40902e+06
Image004_ch00.tif	Image005_fh00.tif	Image004_ch01.tif	2	8	106	2.0	19.3333	1.00463982474	1.93653575368	43.5285026124	1.0	2.0	0.0	1.0	0.0418893	0.436997	10.0406	132144	393442	66222	132757.0	761915.0	2.88254e+06
Image006_ch00.tif	Image005_fh00.tif	Image006_ch01.tif	3	8	107	2.0	7.66667	1.00237760909	1.80266935662	56.5280049973	1.0	1.66667	0.0	1.0	0.0311698	0.407227	11.7972	188188	370328	71639	188635.0	667579.0	4.04961e+06
Image008_ch00.tif	Image005_fh00.tif	Image008_ch01.tif	4	8	108	2.0	8.0	1.02428448423	2.25733133932	51.7415736264	1.0	2.0	0.0	1.0	0.0894983	0.656844	15.5815	207381	376125	56875	212417.0	849039.0	2.9428e+06
Image010_ch00.tif	Image005_fh00.tif	Image010_ch01.tif	5	8	109	2.33333	10.0	1.03564013925	2.6762553386	49.6970634856	1.0	2.66667	0.0	1.0	0.121022	0.702692	12.2931	90163	448385	73182	93376.4	1.19999e+06	3.63693e+06
Image012_ch00.tif	Image005_fh00.tif	Image012_ch01.tif	6	8	110	2.33333	6.66667	1.00414246705	2.00816947317	48.4421614925	1.0	2.0	0.0	1.0	0.0413366	0.446883	10.7548	82237	480669	77081	82577.7	965265.0	3.73397e+06
Image015_ch00.tif	Image005_fh00.tif	Image015_ch01.tif	7	8	111	1.66667	13.0	1.0174634438	2.08641653747	65.0354644296	1.0	2.0	0.0	1.0	0.0774092	0.541176	14.2358	121226	343136	66038	123343.0	715925.0	4.29481e+06
Image017_ch00.tif	Image005_fh00.tif	Image017_ch01.tif	8	8	112	2.33333	10.0	1.05882370221	2.66020532419	40.1393533096	1.0	2.33333	0.75	1.0	0.134308	0.762121	10.1453	66488	379607	58436	70399.1	1.00983e+06	2.34558e+06
Image020_ch00.tif	Image005_fh00.tif	Image020_ch01.tif	9	8	113	2.33333	19.3333	1.01763929707	4.33696408343	67.6985622153	1.0	3.66667	0.0	1.33333	0.0899916	1.97213	15.8573	365101	243648	84505	371541.0	1.05669e+06	5.72087e+06
Image023_ch00.tif	Image005_fh00.tif	Image023_ch01.tif	10	8	114	2.0	8.0	1.05797032908	2.30874643194	50.6186965468	1.0	2.0	0.0	1.0	0.13371	0.601197	11.843	49475	448773	77755	52343.1	1.0361e+06	3.93586e+06
Image025_ch00.tif	Image005_fh00.tif	Image025_ch01.tif	11	8	115	2.33333	12.0	1.27862873865	2.65982855697	47.7307711464	1.33333	2.33333	0.0	1.0	0.173102	0.75382	10.9614	28411	395175	80309	36327.1	1.0511e+06	3.83321e+06
Image027_ch00.tif	Image005_fh00.tif	Image027_ch01.tif	12	8	116	2.0	9.66667	1.03772848417	2.58256972133	48.304562049	1.0	2.33333	0.0	0.0	0.126129	0.695152	12.8694	17758	468006	70122	18428.0	1.20866e+06	3.38721e+06
Image029_ch00.tif	Image005_fh00.tif	Image029_ch01.tif	13	8	117	2.33333	15.6667	1.0024796468	2.6601377183	53.4574298339	1.0	2.33333	0.0	1.0	0.031456	0.794195	12.3005	134684	424526	73326	135018.0	1.1293e+06	3.91982e+06
Image031_ch00.tif	Image005_fh00.tif	Image031_ch01.tif	14	8	118	2.0	11.0	1.06351584112	2.29135978892	54.2891585093	1.0	2.0	0.0	1.0	0.141959	0.634821	13.4069	123989	380241	79989	131864.0	871269.0	4.34254e+06
Image033_ch00.tif	Image005_fh00.tif	Image033_ch01.tif	15	8	119	1.66667	9.66667	1.00143261556	2.47625997489	50.5651584149	1.0	2.33333	0.0	1.0	0.0250607	0.720878	11.9308	134675	455644	41284	134868.0	1.12829e+06	2.08753e+06
