FileName_DAPI	FileName_DAPI_flatfield	FileName_Mts	Group_Index	Group_Number	ImageNumber	Intensity_MaxIntensity_Background_Mask	Intensity_MaxIntensity_MaskedMT_image	Intensity_MeanIntensity_Background_Mask	Intensity_MeanIntensity_MaskedMT_image	Intensity_MeanIntensity_Masked_Nuclei	Intensity_MedianIntensity_Background_Mask	Intensity_MedianIntensity_MaskedMT_image	Intensity_MinIntensity_Background_Mask	Intensity_MinIntensity_MaskedMT_image	Intensity_StdIntensity_Background_Mask	Intensity_StdIntensity_MaskedMT_image	Intensity_StdIntensity_Masked_Nuclei	Intensity_TotalArea_Background_Mask	Intensity_TotalArea_MaskedMT_image	Intensity_TotalArea_Masked_Nuclei	Intensity_TotalIntensity_Background_Mask	Intensity_TotalIntensity_MaskedMT_image	Intensity_TotalIntensity_Masked_Nuclei
Image002_ch00.tif	Image005_fh00.tif	Image002_ch01.tif	1	1	1	2.14008	3.80026	1.59103158442	2.03196345319	47.7130934763	1.58106	1.99351	0.0	1.46615	0.0352411	0.206569	13.4824	108772	383303	41219	173060.0	778858.0	1.96669e+06
Image004_ch00.tif	Image005_fh00.tif	Image004_ch01.tif	2	1	2	2.00389	3.33333	1.60498254984	1.90830487394	30.2267112021	1.59403	1.88586	0.0	1.31615	0.043581	0.122859	7.72678	10089	465722	59578	16192.7	888740.0	1.80085e+06
Image006_ch00.tif	Image005_fh00.tif	Image006_ch01.tif	3	1	3	1.84047	3.18677	1.60171806201	1.87023988224	35.8088073351	1.59014	1.84436	1.18093	1.45233	0.0386173	0.135463	11.8989	2555	292456	41772	4092.39	546963.0	1.49581e+06
Image008_ch00.tif	Image005_fh00.tif	Image008_ch01.tif	4	1	4	2.21401	3.4773	1.60051472701	1.95865371791	47.9089484022	1.58625	1.92607	1.17899	1.32101	0.0485338	0.162234	13.5025	10875	464871	52948	17405.6	910521.0	2.53668e+06
Image010_ch00.tif	Image005_fh00.tif	Image010_ch01.tif	5	1	5	2.06744	3.76135	1.58739776516	1.98458217914	51.5413855393	1.57588	1.94682	0.0	1.33463	0.0426235	0.196335	13.5178	38392	341869	41796	60943.4	678467.0	2.15422e+06
Image012_ch00.tif	Image005_fh00.tif	Image012_ch01.tif	6	1	6	1.87289	2.77951	1.59370659373	1.85593560865	23.0259591732	1.58366	1.84176	0.0	1.27432	0.0390958	0.101941	6.83106	37257	549375	56507	59376.7	1.0196e+06	1.30113e+06
Image014_ch00.tif	Image005_fh00.tif	Image014_ch01.tif	7	1	7	1.80545	2.25811	1.58420340001	1.74541565631	23.9716958956	1.57458	1.73541	0.0	1.2607	0.0309007	0.0746744	7.12383	173514	400848	45731	274881.0	699646.0	1.09625e+06
Image016_ch00.tif	Image005_fh00.tif	Image016_ch01.tif	8	1	8	1.84436	2.51621	1.58872412957	1.82147478738	35.7507835055	1.57588	1.80674	0.0	1.27043	0.036236	0.0987983	8.73359	55662	387544	64773	88431.6	705902.0	2.31569e+06
Image018_ch00.tif	Image005_fh00.tif	Image018_ch01.tif	9	1	9	0.0	4.89754	0.0	2.06748690105	35.1467316948	0.0	2.03632	0.0	1.49105	0.0	0.172236	11.6078	0	371022	81862	0.0	767083.0	2.87718e+06
Image020_ch00.tif	Image005_fh00.tif	Image020_ch01.tif	10	1	10	2.14397	3.74449	1.59350999134	2.13222156833	30.7846146215	1.56939	2.09598	0.0	1.39591	0.0563559	0.223667	12.4076	107418	321156	52922	171172.0	684776.0	1.62918e+06
Image022_ch00.tif	Image005_fh00.tif	Image022_ch01.tif	11	1	11	2.20882	4.43969	1.60025483568	2.09399620309	54.3350283708	1.58236	2.02205	0.0	1.48541	0.0564736	0.274702	15.4531	29630	151044	41592	47415.6	316286.0	2.2599e+06
Image024_ch00.tif	Image005_fh00.tif	Image024_ch01.tif	12	1	12	1.97406	2.94942	1.61864927879	1.99121104316	33.7371661902	1.607	1.96887	0.0	1.33171	0.0459207	0.142283	8.14005	122988	406668	57368	199074.0	809762.0	1.93543e+06
Image027_ch00.tif	Image005_fh00.tif	Image027_ch01.tif	13	1	13	2.37873	3.85863	1.6098264838	2.27113641482	51.4185694851	1.59403	2.2192	0.0	1.58463	0.0560354	0.274576	13.6061	102440	306367	102173	164911.0	695801.0	5.25359e+06
Image030_ch00.tif	Image005_fh00.tif	Image030_ch01.tif	14	1	14	2.05447	9.63165	1.62131488546	2.24419954222	43.0185146876	1.60441	2.19844	0.0	1.55156	0.0535614	0.270267	16.7447	552069	197145	65259	895078.0	442433.0	2.80735e+06
Image033_ch00.tif	Image005_fh00.tif	Image033_ch01.tif	15	1	15	2.23346	4.07912	1.59317221491	2.19751890676	58.9863047016	1.57847	2.14267	0.0	1.45233	0.0451793	0.270469	13.2122	166314	328454	56534	264967.0	721784.0	3.33473e+06
Image002_ch00.tif	Image005_fh00.tif	Image002_ch01.tif	16	1	16	2.23346	5.29183	1.62008422129	2.12280959323	24.898755513	1.6083	2.07912	0.0	1.48638	0.0505738	0.199666	7.84819	7939	317578	55324	12861.8	674158.0	1.3775e+06
Image004_ch00.tif	Image005_fh00.tif	Image004_ch01.tif	17	1	17	1.83009	8.42802	1.60971063695	2.49471275275	41.0924364863	1.60182	2.38521	0.0	1.55156	0.0747418	0.454273	11.0112	541	348811	51603	870.853	870183.0	2.12049e+06
Image006_ch00.tif	Image005_fh00.tif	Image006_ch01.tif	18	1	18	1.71595	7.36835	1.60956533332	2.24991176819	52.475765751	1.60182	2.15953	0.0	1.44942	0.0773368	0.376334	12.6174	608	245093	48743	978.616	551438.0	2.55783e+06
Image008_ch00.tif	Image005_fh00.tif	Image008_ch01.tif	19	1	19	1.75097	9.05577	1.59729861305	2.43273418215	48.0736289292	1.59144	2.32166	1.18385	1.58885	0.0480033	0.463851	13.3268	420	306663	45366	670.865	746030.0	2.18091e+06
Image010_ch00.tif	Image005_fh00.tif	Image010_ch01.tif	20	1	20	2.05966	10.1997	1.60552364553	2.49088866664	48.6664669634	1.59144	2.36706	1.1858	1.58625	0.0526282	0.474978	15.7395	1859	257214	40894	2984.67	640691.0	1.99017e+06
Image012_ch00.tif	Image005_fh00.tif	Image012_ch01.tif	21	1	21	1.76913	8.63424	1.61307026663	2.21544797389	38.1910930813	1.60571	2.13619	1.19358	1.50584	0.035401	0.32147	8.99834	5110	338580	56080	8242.79	750106.0	2.14176e+06
Image014_ch00.tif	Image005_fh00.tif	Image014_ch01.tif	22	1	22	1.9118	6.07263	1.60844756207	2.11355391704	32.3937800153	1.59922	2.0428	0.0	1.393	0.0344627	0.258669	10.1901	11530	302882	36648	18545.4	640157.0	1.18717e+06
Image016_ch00.tif	Image005_fh00.tif	Image016_ch01.tif	23	1	23	2.35019	24.0739	1.59816025731	2.31339775012	36.570940813	1.59014	2.22828	0.0	1.59533	0.0679746	0.377616	12.0964	1894	287037	59236	3026.92	664031.0	2.16632e+06
Image018_ch00.tif	Image005_fh00.tif	Image018_ch01.tif	24	1	24	1.6537	8.89494	1.58013022818	2.54377862193	27.4376856529	1.59403	2.45136	0.0	1.63554	0.176476	0.426442	7.49515	82	251337	59587	129.571	639346.0	1.63493e+06
Image020_ch00.tif	Image005_fh00.tif	Image020_ch01.tif	25	1	25	2.54345	8.91569	1.60448352093	2.34344483509	41.8565053728	1.59533	2.26459	0.0	1.53891	0.0399565	0.354658	11.0609	17691	308747	61234	28384.9	723532.0	2.56304e+06
Image022_ch00.tif	Image005_fh00.tif	Image022_ch01.tif	26	1	26	2.58366	15.6316	1.59667631522	2.83604730396	62.5951056098	1.58625	2.66926	0.0	1.75227	0.0402657	0.674045	15.4305	47492	217931	70448	75829.4	618063.0	4.4097e+06
Image024_ch00.tif	Image005_fh00.tif	Image024_ch01.tif	27	1	27	2.19196	7.79248	1.59681018264	2.20235211526	51.1636977644	1.58885	2.12322	1.17607	1.5655	0.0290428	0.342204	16.2699	65376	205743	37977	104393.0	453119.0	1.94304e+06
Image026_ch00.tif	Image005_fh00.tif	Image026_ch01.tif	28	1	28	2.14008	7.91699	1.58948549615	2.1959548263	50.8508601156	1.58106	2.11543	1.1751	1.51556	0.0281816	0.34347	16.5364	79160	204007	38396	125824.0	447990.0	1.95247e+06
Image028_ch00.tif	Image005_fh00.tif	Image028_ch01.tif	29	1	29	1.7847	8.40856	1.59749993846	2.04554403951	24.9501016475	1.58885	1.98962	0.0	1.39494	0.0364841	0.242022	9.12122	12695	307156	42549	20280.3	628301.0	1.0616e+06
Image031_ch00.tif	Image005_fh00.tif	Image031_ch01.tif	30	1	30	2.14527	6.45525	1.5739783026	2.25148512504	73.5195412597	1.57069	2.16861	0.0	1.357	0.0240068	0.358932	16.8371	147414	242488	55805	232026.0	545958.0	4.10276e+06
Image003_ch00.tif	Image005_fh00.tif	Image003_ch01.tif	31	1	31	3.37224	14.4462	1.61088577179	4.15704126619	61.8238703712	1.59922	3.97925	0.0	0.0	0.0475485	1.10518	14.8315	316498	414407	42182	509842.0	1.72271e+06	2.60785e+06
Image005_ch00.tif	Image005_fh00.tif	Image005_ch01.tif	32	1	32	4.46563	17.4773	1.62616449766	5.02990763001	58.1792821053	1.59922	4.7808	0.0	1.85603	0.0948779	1.33273	19.2282	119083	606041	41761	193649.0	3.04833e+06	2.42963e+06
Image007_ch00.tif	Image005_fh00.tif	Image007_ch01.tif	33	1	33	3.04021	18.987	1.60443702373	4.90357382298	53.6390769231	1.59014	4.6537	0.0	2.03632	0.0585284	1.24192	14.0208	57871	499675	42250	92850.4	2.45019e+06	2.26625e+06
Image009_ch00.tif	Image005_fh00.tif	Image009_ch01.tif	34	1	34	3.85863	44.8067	1.61444993612	4.87558799996	65.1075334377	1.59792	4.55123	0.0	1.70558	0.0569508	1.54479	17.2507	435963	309949	38953	703840.0	1.51118e+06	2.53613e+06
Image011_ch00.tif	Image005_fh00.tif	Image011_ch01.tif	35	1	35	4.02853	15.511	1.68042290471	5.05412485368	61.7631022575	1.61349	4.78988	0.0	1.99741	0.169255	1.34129	20.0632	108040	527946	42569	181553.0	2.66831e+06	2.62919e+06
Image013_ch00.tif	Image005_fh00.tif	Image013_ch01.tif	36	1	36	3.03761	18.2918	1.61536753535	3.99996498376	59.163636909	1.60052	3.81712	0.0	1.71466	0.0518769	1.05343	14.4643	323843	406954	41670	523125.0	1.6278e+06	2.46535e+06
Image016_ch00.tif	Image005_fh00.tif	Image016_ch01.tif	37	1	37	3.31258	23.1141	1.63763698102	5.6244689062	69.8563658564	1.61868	5.17121	0.0	1.80804	0.0751563	1.95872	16.6649	129580	340100	45045	212205.0	1.91288e+06	3.14668e+06
Image018_ch00.tif	Image005_fh00.tif	Image018_ch01.tif	38	1	38	3.44358	17.1556	1.63503027162	4.85818083961	55.9726678646	1.61608	4.5642	0.0	1.97665	0.0763125	1.3994	22.7975	164717	516524	46749	269317.0	2.50937e+06	2.61667e+06
Image020_ch00.tif	Image005_fh00.tif	Image020_ch01.tif	39	1	39	4.83009	27.6537	1.64660588708	6.10891761699	63.3504166078	1.62257	5.35538	0.0	2.14397	0.0967723	2.56874	12.6064	321229	302878	70810	528938.0	1.85026e+06	4.48584e+06
Image024_ch00.tif	Image005_fh00.tif	Image024_ch01.tif	40	1	40	3.85084	13.716	1.64781362342	4.42716803252	63.2649959136	1.63165	4.16342	0.0	1.84565	0.074496	1.22722	14.4789	132964	437332	74637	219100.0	1.93614e+06	4.72191e+06
Image026_ch00.tif	Image005_fh00.tif	Image026_ch01.tif	41	1	41	3.52529	14.8366	1.62832201463	4.38649843494	57.0793950851	1.607	4.08042	0.0	1.98444	0.0796744	1.26871	15.0389	157317	341840	51313	256163.0	1.49948e+06	2.92892e+06
Image028_ch00.tif	Image005_fh00.tif	Image028_ch01.tif	42	1	42	3.92218	15.5914	1.63739075997	4.47967937149	58.7396878296	1.61997	4.28664	0.0	1.84436	0.0743054	1.29892	14.9053	436081	292566	44559	714035.0	1.3106e+06	2.61738e+06
Image030_ch00.tif	Image005_fh00.tif	Image030_ch01.tif	43	1	43	4.41764	21.1984	1.62303169004	4.46419809293	61.1852991193	1.60311	4.18677	0.0	1.77691	0.0688797	1.29609	13.5817	211841	434907	72329	343825.0	1.94151e+06	4.42547e+06
Image032_ch00.tif	Image005_fh00.tif	Image032_ch01.tif	44	1	44	3.97795	16.5305	1.63321176607	5.23071631646	55.9333190906	1.60052	4.94423	0.0	1.89786	0.107076	1.43198	15.0402	99362	459015	79573	162279.0	2.40098e+06	4.45078e+06
Image035_ch00.tif	Image005_fh00.tif	Image035_ch01.tif	45	1	45	2.90921	15.0869	1.63545074913	4.15783737555	51.8442188986	1.61608	3.94293	0.0	1.83787	0.0733498	0.997497	11.9078	82062	528506	62047	134208.0	2.19744e+06	3.21678e+06
Image003_ch00.tif	Image005_fh00.tif	Image003_ch01.tif	46	1	46	3.41375	22.4903	1.60397614512	5.34929172475	38.6751217881	1.59014	5.00778	0.0	2.02205	0.0621529	1.59194	11.5153	90951	611909	58298	145883.0	3.27328e+06	2.25468e+06
Image006_ch00.tif	Image005_fh00.tif	Image006_ch01.tif	47	1	47	2.20363	21.2322	1.61904007603	6.31502924571	37.7946374727	1.59533	5.94553	1.18385	0.0	0.0740322	1.69301	10.1476	6313	462119	64671	10221.0	2.9183e+06	2.44422e+06
Image008_ch00.tif	Image005_fh00.tif	Image008_ch01.tif	48	1	48	3.77043	44.144	1.60179200121	5.819035701	67.3818279657	1.58755	5.03113	0.0	2.02464	0.055009	2.53881	14.0685	448493	250021	49246	718393.0	1.45488e+06	3.31829e+06
Image013_ch00.tif	Image005_fh00.tif	Image013_ch01.tif	49	1	49	7.40337	29.5837	1.72107804253	8.55445611447	54.3681128835	1.61089	7.83787	0.0	0.0	0.306027	2.98245	12.1385	97386	410739	75104	167609.0	3.51365e+06	4.08326e+06
Image015_ch00.tif	Image005_fh00.tif	Image015_ch01.tif	50	1	50	6.04021	25.5837	1.72179044558	7.35828867921	48.7067612717	1.6096	6.7393	0.0	2.32944	0.285311	2.57315	12.113	82713	426799	56269	142414.0	3.14051e+06	2.74068e+06
Image018_ch00.tif	Image005_fh00.tif	Image020_ch01.tif	51	1	51	3.33463	33.3969	1.61729985599	5.88025421833	52.2294174165	1.59274	5.40986	0.0	0.0	0.0808145	2.10263	11.5108	303444	424635	77019	490760.0	2.49696e+06	4.02266e+06
Image020_ch00.tif	Image005_fh00.tif	Image022_ch01.tif	52	1	52	4.28664	18.0947	1.63870072351	5.50594119199	47.8254560811	1.607	5.16602	0.0	2.2179	0.132784	1.5918	15.2047	69937	477724	74000	114606.0	2.63032e+06	3.53908e+06
Image022_ch00.tif	Image005_fh00.tif	Image024_ch01.tif	53	1	53	5.28016	22.2412	1.61841464091	5.31715022394	52.1758904868	1.60311	4.94553	0.0	1.86122	0.0710301	1.69588	11.6396	141984	542783	61399	229789.0	2.88606e+06	3.20355e+06
Image024_ch00.tif	Image005_fh00.tif	Image026_ch01.tif	54	1	54	3.86252	18.7977	1.61765862473	4.95310741043	40.5069923737	1.59663	4.66667	0.0	1.88067	0.0919547	1.36781	11.0097	106328	566742	52450	172002.0	2.80713e+06	2.12459e+06
Image026_ch00.tif	Image005_fh00.tif	Image028_ch01.tif	55	1	55	3.3463	20.022	1.60758296311	6.1401813352	36.1502871193	1.59014	5.88327	0.0	2.02724	0.0697584	1.8646	9.77293	200104	496539	46061	321684.0	3.04884e+06	1.66512e+06
Image028_ch00.tif	Image005_fh00.tif	Image030_ch01.tif	56	1	56	4.64202	23.821	1.62790220623	5.0076526481	43.6505061974	1.61089	4.44228	0.0	1.96887	0.075398	2.00712	11.6316	254257	339621	52845	413906.0	1.7007e+06	2.30671e+06
Image030_ch00.tif	Image005_fh00.tif	Image032_ch01.tif	57	1	57	4.50713	19.7886	1.6232078998	6.82216757829	47.4663956266	1.59792	6.5227	0.0	2.28405	0.0975536	2.13765	11.166	278235	372411	54420	451633.0	2.54065e+06	2.58312e+06
Image032_ch00.tif	Image005_fh00.tif	Image034_ch01.tif	58	1	58	5.98314	33.4981	1.61993156361	7.34985910244	48.8697922764	1.59274	6.54086	0.0	0.0	0.100843	3.07988	14.1724	262470	397097	59791	425183.0	2.91861e+06	2.92197e+06
Image034_ch00.tif	Image005_fh00.tif	Image036_ch01.tif	59	1	59	4.90013	18.7017	1.67238211446	6.85428639746	45.1544615519	1.59922	6.59014	0.0	2.29053	0.20332	2.03487	13.1007	225017	474676	57155	376314.0	3.25357e+06	2.5808e+06
Image036_ch00.tif	Image005_fh00.tif	Image002_ch01.tif	60	1	60	4.22438	36.7873	1.61963543568	6.69182027788	46.5666008494	1.59663	6.0856	0.0	1.88132	0.106485	2.65967	14.8954	238329	415497	63813	386006.0	2.78043e+06	2.97155e+06
Image002_ch00.tif	Image005_fh00.tif	Image004_ch01.tif	61	1	61	4.71206	24.1401	1.63753822043	5.7395385553	75.8002980387	1.61219	5.2179	0.0	0.0	0.123868	2.08326	18.1862	131883	462699	62408	215963.0	2.65568e+06	4.73055e+06
Image004_ch00.tif	Image005_fh00.tif	Image007_ch01.tif	62	1	62	3.09598	27.6316	1.62467518376	4.81261042471	62.841242031	1.607	4.42802	0.0	1.81453	0.0839345	1.52929	14.3223	16632	485059	66351	27021.6	2.3344e+06	4.16958e+06
Image007_ch00.tif	Image005_fh00.tif	Image009_ch01.tif	63	1	63	3.94034	29.0052	1.63503304384	5.20481271945	42.01775994	1.61868	4.67704	0.0	1.89494	0.092302	1.97894	11.9327	106998	454265	50704	174945.0	2.36436e+06	2.13047e+06
Image009_ch00.tif	Image005_fh00.tif	Image011_ch01.tif	64	1	64	3.6096	32.9105	1.60243340164	6.94345963093	46.7043226167	1.58495	6.35927	0.0	0.0	0.0867334	2.29458	11.9489	22265	479476	51913	35678.2	3.32922e+06	2.42456e+06
Image011_ch00.tif	Image005_fh00.tif	Image013_ch01.tif	65	1	65	4.90402	33.1336	1.71523944982	6.26442154094	37.8715375761	1.61868	5.68223	0.0	0.0	0.26757	2.26896	9.83503	45953	469506	53864	78820.4	2.94118e+06	2.03991e+06
Image013_ch00.tif	Image005_fh00.tif	Image015_ch01.tif	66	1	66	5.36187	32.0402	1.64969412671	6.8940277954	56.1704942384	1.61868	6.34371	0.0	2.16861	0.152881	2.44316	13.6317	62531	504328	55540	103157.0	3.47685e+06	3.11971e+06
Image015_ch00.tif	Image005_fh00.tif	Image017_ch01.tif	67	1	67	85.0	27.8119	1.65921733376	4.59007813053	52.5398359181	1.61997	4.16067	1.17996	0.0	1.1865	1.60476	11.7756	124670	452256	71123	206855.0	2.07589e+06	3.73679e+06
Image017_ch00.tif	Image005_fh00.tif	Image019_ch01.tif	68	1	68	5.76394	36.0623	1.63421434337	5.24135774577	50.3265131943	1.61868	4.80674	0.0	1.86252	0.0839229	1.84949	14.7592	138144	520090	43352	225757.0	2.72598e+06	2.18176e+06
Image019_ch00.tif	Image005_fh00.tif	Image021_ch01.tif	69	1	69	2.94163	23.738	1.63219192858	5.46356028674	55.5170949295	1.62257	4.96757	0.0	1.91342	0.0591218	1.82914	18.4505	26003	437476	53861	42441.9	2.39018e+06	2.99021e+06
Image021_ch00.tif	Image005_fh00.tif	Image024_ch01.tif	70	1	70	3.47471	17.4851	1.61502830421	4.24368443795	43.2665284216	1.60182	3.94034	0.0	1.76524	0.0555766	1.33439	11.9478	190696	452434	53287	307979.0	1.91999e+06	2.30554e+06
Image024_ch00.tif	Image005_fh00.tif	Image026_ch01.tif	71	1	71	3.50843	22.2529	1.63721279111	3.80620068235	54.939798793	1.62516	3.55901	0.0	0.0	0.0695742	1.03088	17.6017	72481	472194	34964	118667.0	1.79727e+06	1.92092e+06
Image026_ch00.tif	Image005_fh00.tif	Image028_ch01.tif	72	1	72	3.48638	15.9883	1.65019970251	3.85207355089	26.1731155935	1.63294	3.60441	0.0	1.84825	0.098953	1.02693	9.55337	34035	485351	48238	56164.5	1.86961e+06	1.26254e+06
Image028_ch00.tif	Image005_fh00.tif	Image030_ch01.tif	73	1	73	4.47341	37.323	1.63431776124	4.40649257332	35.5676663336	1.61738	4.05447	0.0	1.64981	0.0830855	1.53234	9.90996	132395	428994	43031	216376.0	1.89036e+06	1.53051e+06
Image030_ch00.tif	Image005_fh00.tif	Image032_ch01.tif	74	1	74	3.53826	28.1479	1.62648456456	3.98961185135	50.3156706164	1.61089	3.61349	0.0	1.72244	0.0686241	1.41559	13.3689	167326	384260	73507	272153.0	1.53305e+06	3.69855e+06
Image032_ch00.tif	Image005_fh00.tif	Image007_ch01.tif	75	1	75	7.79377	60.0506	1.77248913549	9.50924278064	58.2706002141	1.738	8.24514	0.0	2.0454	0.263407	4.4421	13.5452	54823	434907	47633	97173.2	4.13564e+06	2.7756e+06
Image007_ch00.tif	Image005_fh00.tif	Image010_ch01.tif	76	1	76	7.55383	47.4176	1.72575839059	8.94967945498	50.8225207168	1.6952	7.97276	0.0	2.36446	0.219303	3.49382	12.8601	45557	368279	63113	78620.4	3.29598e+06	3.20756e+06
Image010_ch00.tif	Image005_fh00.tif	Image014_ch01.tif	77	1	77	5.53956	44.677	1.74588193406	5.81786186988	48.604216693	1.72503	5.09338	0.0	1.89883	0.15133	2.52276	14.0687	121033	446521	107027	211309.0	2.5978e+06	5.20196e+06
Image014_ch00.tif	Image005_fh00.tif	Image017_ch01.tif	78	1	78	3.40986	35.2789	1.72270103123	7.35322294795	37.0722015285	1.6965	6.68872	0.0	2.35927	0.163094	2.50691	13.741	2944	340806	62284	5071.63	2.50602e+06	2.30901e+06
Image017_ch00.tif	Image005_fh00.tif	Image019_ch01.tif	79	1	79	9.2179	59.799	1.67427921325	10.4000053729	32.1221120817	1.64202	9.27756	0.0	0.0	0.182313	4.92064	7.49047	297947	400159	57351	498846.0	4.16166e+06	1.84224e+06
Image019_ch00.tif	Image005_fh00.tif	Image021_ch01.tif	80	1	80	11.1206	61.3268	1.75358769058	11.555663215	71.2505603391	1.68612	10.1634	0.0	2.41245	0.324779	4.97475	16.8067	107503	509322	45062	188516.0	5.88555e+06	3.21069e+06
Image021_ch00.tif	Image005_fh00.tif	Image023_ch01.tif	81	1	81	5.22957	66.4345	1.71726123486	11.8168147989	62.0862442196	1.70039	10.1025	0.0	2.19844	0.133256	5.69965	15.54	83301	334836	64442	143050.0	3.9567e+06	4.00096e+06
Image023_ch00.tif	Image005_fh00.tif	Image026_ch01.tif	82	1	82	7.80285	61.0208	1.7784416726	10.4864853584	56.3036241391	1.72503	9.1284	0.0	2.11803	0.30682	4.80102	17.5155	47782	419286	51833	84977.5	4.39684e+06	2.91839e+06
Image026_ch00.tif	Image005_fh00.tif	Image028_ch01.tif	83	1	83	7.64202	70.3372	1.69052466051	7.98228205034	37.2670046441	1.66018	6.9546	0.0	1.94553	0.174904	3.78845	10.3834	116573	491352	50817	197070.0	3.92211e+06	1.8938e+06
Image028_ch00.tif	Image005_fh00.tif	Image030_ch01.tif	84	1	84	7.96757	60.8599	1.76043340559	10.2398111709	48.9038767295	1.72633	8.88586	0.0	1.96757	0.243862	4.77593	15.4237	64875	435526	59122	114208.0	4.4597e+06	2.8913e+06
Image030_ch00.tif	Image005_fh00.tif	Image032_ch01.tif	85	1	85	6.93645	33.2815	1.72739581759	6.05733147533	36.0831498006	1.71336	5.35149	0.0	1.91569	0.13071	2.42032	11.4437	99255	392895	52670	171453.0	2.3799e+06	1.9005e+06
Image032_ch00.tif	Image005_fh00.tif	Image033_ch01.tif	86	1	86	6.47341	56.6018	1.76927023807	8.52265275433	36.9228774747	1.74449	7.48638	0.0	1.93256	0.191538	3.74536	11.0531	30186	379711	48692	53407.2	3.23615e+06	1.79785e+06
Image033_ch00.tif	Image005_fh00.tif	Image035_ch01.tif	87	1	87	6.81453	62.3346	1.67333870236	8.71915083203	50.5065994226	1.63943	7.65888	0.0	1.93256	0.175023	4.2607	10.7807	396565	352392	53338	663588.0	3.07256e+06	2.69392e+06
Image035_ch00.tif	Image005_fh00.tif	Image039_ch01.tif	88	1	88	4.57847	48.2581	1.62340139003	6.95839714982	77.7965256371	1.60311	6.0856	0.0	1.80674	0.117012	3.09366	17.3851	114494	439411	46066	185870.0	3.0576e+06	3.58377e+06
Image039_ch00.tif	Image005_fh00.tif	Image041_ch01.tif	89	1	89	4.80674	41.2412	1.63934982633	5.42512740724	57.4866356131	1.61868	4.79377	0.0	1.78988	0.0985422	2.33176	13.8163	172452	440909	66015	282709.0	2.39199e+06	3.79498e+06
Image041_ch00.tif	Image005_fh00.tif	Image043_ch01.tif	90	1	90	3.62776	36.8145	1.6184513556	6.80658400613	33.825046046	1.607	6.23217	0.0	2.15564	0.0801693	2.28525	15.4755	16690	445033	41806	27012.0	3.02915e+06	1.41409e+06
Image043_ch00.tif	Image005_fh00.tif	Image045_ch01.tif	91	1	91	5.73152	45.3619	1.65521372101	7.52293704346	46.082274151	1.63813	6.76654	0.0	2.05837	0.114229	2.92163	12.6834	98218	484620	60660	162572.0	3.64577e+06	2.79535e+06
Image045_ch00.tif	Image005_fh00.tif	Image002_ch01.tif	92	1	92	3.2192	14.546	1.64266007043	3.93202579475	51.4093850723	1.63684	3.69131	0.0	1.88327	0.0438142	1.11848	12.0109	493564	263794	59259	810758.0	1.03724e+06	3.04647e+06
Image002_ch00.tif	Image005_fh00.tif	Image004_ch01.tif	93	1	93	2.262	14.0169	1.62050352043	4.25305167779	61.2654680467	1.61219	3.95331	0.0	1.78405	0.0359072	1.27357	14.5811	148029	393554	39323	239882.0	1.67381e+06	2.40914e+06
Image004_ch00.tif	Image005_fh00.tif	Image006_ch01.tif	94	1	94	2.85863	22.8784	1.61213333236	4.67779347946	76.5809376825	1.60182	4.27497	0.0	0.0	0.0367429	1.61753	17.1435	257130	361780	59935	414528.0	1.69233e+06	4.58988e+06
Image006_ch00.tif	Image005_fh00.tif	Image008_ch01.tif	95	1	95	4.3463	18.939	1.6430828723	5.32924221303	55.4588362109	1.60441	4.99741	1.18191	1.97665	0.142689	1.56694	13.7857	73838	441892	54271	121322.0	2.35495e+06	3.00981e+06
Image008_ch00.tif	Image005_fh00.tif	Image010_ch01.tif	96	1	96	2.40856	17.1025	1.61326578557	4.07882984032	65.9670983174	1.60441	3.76265	0.0	0.0	0.0305031	1.28767	17.1413	239966	360720	60620	387129.0	1.47132e+06	3.99893e+06
Image010_ch00.tif	Image005_fh00.tif	Image012_ch01.tif	97	1	97	3.20233	18.1232	1.73488408836	4.53571545547	63.8180260345	1.6952	4.29183	0.0	0.0	0.153367	1.15633	14.6186	8542	442704	47706	14819.4	2.00798e+06	3.0445e+06
Image012_ch00.tif	Image005_fh00.tif	Image014_ch01.tif	98	1	98	3.10765	15.1997	1.62636432742	4.45005891668	44.0539615701	1.61219	4.12192	0.0	0.0	0.0531311	1.39071	10.5559	132208	428147	53552	215018.0	1.90528e+06	2.35918e+06
Image014_ch00.tif	Image005_fh00.tif	Image016_ch01.tif	99	1	99	3.30869	20.0259	1.63762769129	4.48757896443	53.2518562964	1.62127	4.15175	0.0	1.90402	0.0786082	1.3498	13.0664	57059	397964	53332	93441.4	1.78589e+06	2.84003e+06
Image016_ch00.tif	Image005_fh00.tif	Image018_ch01.tif	100	1	100	3.89494	26.3515	1.64452193648	4.53715115555	77.5949132658	1.61997	4.19066	0.0	2.01556	0.100824	1.37926	15.239	58299	425727	75864	95874.0	1.93159e+06	5.88666e+06
Image018_ch00.tif	Image005_fh00.tif	Image021_ch01.tif	101	1	101	2.79118	20.2724	1.63767518239	4.87114532156	68.4774754807	1.63165	4.54993	0.0	1.89364	0.0404178	1.45627	15.6704	166398	541420	72188	272506.0	2.63734e+06	4.94325e+06
Image021_ch00.tif	Image005_fh00.tif	Image023_ch01.tif	102	1	102	2.24773	32.5603	1.62339184977	4.51402263457	52.7427781645	1.61479	4.27108	0.0	0.0	0.0340232	1.24416	13.3378	124794	447678	37352	202590.0	2.02083e+06	1.97005e+06
Image023_ch00.tif	Image005_fh00.tif	Image025_ch01.tif	103	1	103	2.11414	33.6667	1.60011849663	4.93449992007	57.498663392	1.59274	4.61479	0.0	2.0013	0.0261956	1.4538	14.2311	156861	469175	59853	250996.0	2.31514e+06	3.44147e+06
Image025_ch00.tif	Image005_fh00.tif	Image027_ch01.tif	104	1	104	2.45655	21.4669	1.60888917668	4.97526087843	66.9551068701	1.59792	4.64981	0.0	0.0	0.0334645	1.52717	16.1011	177598	490650	51979	285736.0	2.44111e+06	3.48026e+06
Image027_ch00.tif	Image005_fh00.tif	Image029_ch01.tif	105	1	105	2.69131	17.3256	1.61016880159	5.34987851776	69.8792424988	1.59922	5.05188	0.0	1.82101	0.0329636	1.74137	15.0205	499003	310745	46759	803479.0	1.66245e+06	3.26748e+06
Image029_ch00.tif	Image005_fh00.tif	Image031_ch01.tif	106	1	106	2.80804	17.524	1.63593296032	4.30923590283	57.3249305236	1.62905	3.95979	0.0	1.85603	0.0406564	1.37313	14.1309	191368	385769	45699	313065.0	1.66237e+06	2.61969e+06
Image031_ch00.tif	Image005_fh00.tif	Image033_ch01.tif	107	1	107	2.57328	20.0532	1.60917303892	4.93922322375	71.6290625348	1.60052	4.48379	0.0	0.0	0.0302097	1.72186	17.4113	178639	362112	62861	287461.0	1.78855e+06	4.50267e+06
Image033_ch00.tif	Image005_fh00.tif	Image004_ch01.tif	108	1	108	1.87549	3.79475	1.62985878708	1.93705881427	61.7868840853	1.62257	1.91051	0.0	1.33366	0.0266946	0.137665	14.1949	138200	397225	52970	225246.0	769448.0	3.27285e+06
Image004_ch00.tif	Image005_fh00.tif	Image011_ch01.tif	109	1	109	1.93385	6.08949	1.65875106666	1.90749917573	58.8999550419	1.6524	1.88457	0.0	1.29767	0.0421906	0.123213	12.6183	240235	279034	75626	398490.0	532257.0	4.45437e+06
Image011_ch00.tif	Image005_fh00.tif	Image013_ch01.tif	110	1	110	1.94682	2.77173	1.6679151342	1.86344431374	38.7395725293	1.66278	1.84695	0.0	1.38424	0.0429668	0.0958116	13.0265	76062	368098	47243	126865.0	685930.0	1.83017e+06
Image013_ch00.tif	Image005_fh00.tif	Image015_ch01.tif	111	1	111	1.9131	3.2179	1.66765015705	1.8352790874	41.4918068533	1.66278	1.82361	1.21303	1.29086	0.0414888	0.0838496	9.93824	94397	332369	49874	157421.0	609990.0	2.06936e+06
Image015_ch00.tif	Image005_fh00.tif	Image018_ch01.tif	112	1	112	1.98833	3.3048	1.62476086029	1.93111239511	39.4730796393	1.61608	1.90272	0.0	1.33268	0.0341901	0.148097	9.71504	194447	351550	46020	315930.0	678883.0	1.81655e+06
Image018_ch00.tif	Image005_fh00.tif	Image020_ch01.tif	113	1	113	1.88457	2.79507	1.65862901851	1.91222105957	59.3227438916	1.6524	1.90143	0.0	1.42802	0.0491327	0.0925354	13.7892	5776	432440	56070	9580.24	826921.0	3.32623e+06
Image020_ch00.tif	Image005_fh00.tif	Image022_ch01.tif	114	1	114	1.88197	2.55772	1.65887733424	1.80303644785	30.3945337648	1.65499	1.79377	1.19942	1.32782	0.0442269	0.0725979	10.3578	23830	396059	59026	39531.0	714109.0	1.79407e+06
Image022_ch00.tif	Image005_fh00.tif	Image024_ch01.tif	115	1	115	1.92866	2.52789	1.65555889117	1.8341386062	39.6643438806	1.6511	1.82361	1.20233	1.36089	0.0448025	0.0797082	9.8639	29459	398752	46173	48771.1	731366.0	1.83142e+06
Image024_ch00.tif	Image005_fh00.tif	Image026_ch01.tif	116	1	116	1.93774	2.8677	1.6535281411	1.85230650896	34.0844396052	1.64981	1.83917	0.0	1.30545	0.0454881	0.0937605	9.78677	54742	452269	71637	90517.4	837741.0	2.44171e+06
Image026_ch00.tif	Image005_fh00.tif	Image029_ch01.tif	117	1	117	1.68353	1.87419	1.58185247839	1.63719822602	41.4001845191	1.58236	1.63424	0.0	1.25097	0.044869	0.0331172	11.1727	1352	175566	42814	2138.66	287436.0	1.77251e+06
Image029_ch00.tif	Image005_fh00.tif	Image033_ch01.tif	118	1	118	1.96239	3.88975	1.64376399634	1.90158243155	12.7464871536	1.63813	1.87678	0.0	1.25778	0.042664	0.132254	4.40373	245600	304950	47095	403708.0	579888.0	600296.0
Image033_ch00.tif	Image005_fh00.tif	Image035_ch01.tif	119	1	119	2.00389	3.6939	1.65851964546	1.93249655542	53.0806535494	1.6537	1.90791	0.0	1.38035	0.046007	0.130637	12.407	158739	347648	46148	263272.0	671829.0	2.44957e+06
Image035_ch00.tif	Image005_fh00.tif	Image037_ch01.tif	120	1	120	1.91051	2.85344	1.6732885103	1.91221419279	50.576314429	1.66926	1.89754	0.0	1.44747	0.0501924	0.100294	12.3193	27461	478863	52228	45950.2	915689.0	2.6415e+06
Image037_ch00.tif	Image005_fh00.tif	Image040_ch01.tif	121	1	121	1.90532	3.65499	1.62516207913	2.00748343734	46.3272860363	1.61608	1.97017	0.0	1.41051	0.0346795	0.178851	12.1848	163886	382336	72746	266341.0	767533.0	3.37012e+06
Image040_ch00.tif	Image005_fh00.tif	Image044_ch01.tif	122	1	122	1.98054	6.38521	1.686185108	1.8791685247	74.5238033687	1.68093	1.86641	0.0	1.32685	0.0492377	0.095531	18.7716	185828	347590	50287	313340.0	653180.0	3.74758e+06
Image044_ch00.tif	Image005_fh00.tif	Image046_ch01.tif	123	1	123	1.95071	4.41764	1.65710052646	1.88488114453	50.5607737411	1.6524	1.8703	0.0	1.33949	0.0441521	0.105056	11.0528	172283	314121	58327	285490.0	592081.0	2.94906e+06
